V10.0      2015-10-26  18:20:10.215034992  57321.81497  3260.84000  329.71696  -30.22558  339.433  269.594  45238.934  341.08576  266.88360  1.48000  110.794  184.007  11309.734  57321.8115266  3.135  0.420  0.033  3.133  0.422
V11.0      2015-10-26  19:54:06.572788032  57321.88476  3161.23616  329.71696  -30.22558  338.455  264.639  45238.934  341.05599  261.00820  1.55300  101.296  277.958  11309.734  57321.8797989  2.967  0.360  0.032  2.933  0.363
V12.0      2015-10-26  21:28:22.563681728  57321.95463  3441.07552  329.71696  -30.22558  336.488  264.336  45238.934  337.86411  262.51853  1.51200  73.510   303.869  11309.734  57321.9563594  3.032  0.337  0.031  3.033  0.338
V13.0      2015-10-26  23:23:21.441202624  57322.02084  2978.62912  329.71696  -30.22558  336.275  261.626  45238.934  336.90974  260.58200  1.54300  82.715   262.447  11309.734  57322.0306908  3.079  0.356  0.034  3.100  0.358
V14.0      2015-10-27  01:34:13.987955584  57322.09933  1932.78880  329.71696  -30.22558  329.613  254.616  45238.934  331.76000  252.55715  1.66600  75.870   320.561  11309.734  57322.1204952  3.005  0.427  0.044  3.000  0.431
V15.0      2015-10-27  02:59:49.442373248  57322.15480  194.46464   329.71696  -30.22558  328.413  263.455  45238.934  328.72170  260.76393  1.94800  99.413   362.455  11309.734  57322.1423000  3.128  0.513  0.163  3.050  0.550
V16.0      2015-10-27  04:47:40.554673216  57322.24706  40.31584    329.71696  -30.22558  372.106  219.879  45238.934  371.51336  218.89637  1.98000  335.106  443.879  11309.734  57322.2469997  3.400  0.000  0.450  3.400  0.000
V17.0      2015-10-27  06:32:24.331849824  57322.32576  1316.19360  329.71696  -30.22558  377.423  225.361  45238.934  379.36057  223.65217  1.78600  109.721  329.104  11309.734  57322.3252848  2.603  0.413  0.046  2.667  0.423
V18.0      2015-10-27  07:57:47.073078656  57322.36807  1944.64640  329.71696  -30.22558  384.644  218.357  45238.934  385.33437  216.27609  1.69400  151.585  387.180  11309.734  57322.3892988  2.618  0.344  0.039  2.667  0.350
V19.0      2015-10-27  10:17:03.569864768  57322.46065  1864.01472  329.71696  -30.22558  380.430  225.563  45238.934  381.12443  223.60668  1.68800  144.004  366.182  11309.734  57322.4604571  2.832  0.288  0.040  2.833  0.290
#V20.0      2015-10-27  12:00:40.963248320  57322.52833  1868.75776  329.71696  -30.22558  381.608  233.255  11309.734  382.67685  232.20083  1.66800  138.560  348.465  11309.734  57322.5282760  1.854  0.265  0.033  1.867  0.268
V21.0      2015-10-27  13:39:24.926981760  57322.62055  1799.98368  329.71696  -30.22558  422.828  184.196  45238.934  424.41937  182.91581  1.73600  154.158  404.805  11309.734  57322.6038598  2.309  0.514  0.040  2.300  0.518
V22.0      2015-10-27  15:15:37.340316192  57322.69035  2487.72448  329.71696  -30.22558  425.797  186.639  45238.934  427.14977  184.51633  1.69900  139.753  363.974  11309.734  57322.6788114  2.091  0.253  0.030  2.100  0.254
V23.0      2015-10-27  17:05:39.619946880  57322.76061  2838.70944  329.71696  -30.22558  427.387  190.371  45238.934  428.00989  188.94203  1.66000  173.458  397.440  11309.734  57322.7534471  2.119  0.342  0.029  2.100  0.344
V24.0      2015-10-27  18:40:33.167839664  57322.83064  3343.84320  329.71696  -30.22558  430.826  191.555  45238.934  431.83226  189.91054  1.60700  183.415  388.249  11309.734  57322.8280649  2.160  0.315  0.026  2.133  0.318
V25.0      2015-10-27  20:20:26.415247872  57322.90048  3711.42880  329.71696  -30.22558  427.501  190.362  45238.934  428.88746  188.71648  1.55200  153.481  370.120  11309.734  57322.9008979  2.440  0.396  0.027  2.400  0.399
V26.0      2015-10-27  21:52:46.134621456  57322.97006  2461.63776  329.71696  -30.22558  427.404  190.298  45238.934  429.17562  187.82111  1.62300  93.689   377.287  11309.734  57322.9657429  2.691  0.347  0.036  2.667  0.350
V27.0      2015-10-28  00:01:10.850675840  57323.04097  1797.61216  329.71696  -30.22558  425.538  188.579  45238.934  427.16571  187.62373  1.72500  148.732  361.785  11309.734  57323.0371528  2.609  0.368  0.041  2.533  0.379
V28.0      2015-10-28  01:28:51.987113920  57323.13726  348.61344   329.71696  -30.22558  461.586  149.556  45238.934  462.33358  148.59519  1.95100  206.279  323.014  11309.734  57323.1327913  1.971  0.203  0.079  2.000  0.214
V29.0      2015-10-28  03:35:49.296579712  57323.19991  920.14976   329.71696  -30.22558  474.411  145.175  45238.934  474.91825  143.32754  1.85700  170.352  340.022  11309.734  57323.1994336  1.873  0.252  0.048  1.900  0.257
V30.0      2015-10-28  05:07:57.088973928  57323.26948  1252.16256  329.71696  -30.22558  470.372  137.479  45238.934  471.56795  135.55361  1.84100  191.559  348.134  11309.734  57323.2691520  1.874  0.234  0.041  1.800  0.249
V31.0      2015-10-28  07:05:20.715302784  57323.34024  1847.41408  329.71696  -30.22558  465.192  135.544  45238.934  466.84351  131.93525  1.79300  188.858  351.721  11309.734  57323.3401367  1.912  0.280  0.033  1.933  0.283
V32.0      2015-10-28  12:20:42.555967680  57323.54323  1845.04256  329.71696  -30.22558  474.270  151.510  45238.934  475.02910  149.46404  1.80300  187.111  365.284  11309.734  57323.5431386  1.732  0.293  0.032  1.717  0.296
V33.0      2015-10-28  14:04:38.362962336  57323.63615  1956.50400  329.71696  -30.22558  511.871  109.459  45238.934  511.41977  105.68029  1.83500  181.506  339.642  11309.734  57323.6212496  0.889  0.225  0.023  0.883  0.227
V34.0      2015-10-28  15:38:44.731115264  57323.70471  2219.74272  329.71696  -30.22558  512.078  111.377  45238.934  510.73836  108.23201  1.79200  176.505  317.592  11309.734  57323.6919519  0.926  0.208  0.022  0.933  0.210
V35.0      2015-10-28  17:28:01.338140384  57323.77480  2777.04992  329.71696  -30.22558  514.178  113.469  45238.934  513.84198  108.75549  1.74600  212.750  315.455  11309.734  57323.7668989  0.931  0.288  0.020  0.967  0.291
V36.0      2015-10-28  19:02:26.974079488  57323.84551  3056.88928  329.71696  -30.22558  515.556  114.586  45238.934  515.13533  110.89360  1.75100  192.402  308.609  11309.734  57323.8406455  0.811  0.280  0.019  0.800  0.282
V37.0      2015-10-28  10:14:04.641379840  57323.47554  1652.94944  329.71696  -30.22558  476.446  149.497  45238.934  477.76743  148.16220  1.82700  178.622  391.704  11309.734  57323.4752022  1.700  0.304  0.033  1.683  0.307
V38.0      2015-10-29  03:45:44.824819136  57324.19149  1012.63904  329.71696  -30.22558  544.575  144.404  45238.934  539.78319  143.79957  1.95400  165.575  384.804  11309.734  57324.2115356  0.228  0.118  0.018  0.200  0.123
V39.0      2015-10-29  05:30:47.784832640  57324.28425  1083.78464  329.71696  -30.22558  520.032  118.268  45238.934  516.04353  111.43686  1.95800  186.287  405.604  11309.734  57324.2837294  0.225  0.103  0.020  0.200  0.108
V40.0      2015-10-29  05:30:47.784832640  57324.28425  1083.78464  329.71696  -30.22558  542.633  144.253  45238.934  537.03701  140.17883  1.93800  194.725  299.237  11309.734  57324.2829590  0.222  0.122  0.019  0.200  0.126
V41.0      2015-10-29  05:30:47.784832640  57324.28425  1083.78464  329.71696  -30.22558  520.075  118.393  45238.934  516.08718  111.56156  1.95800  173.875  379.431  11309.734  57324.2834498  0.218  0.116  0.019  0.200  0.119
V42.0      2015-10-29  07:17:20.545245440  57324.35473  1679.03616  329.71696  -30.22558  552.593  171.686  45238.934  549.60654  171.74528  1.95700  168.692  337.800  11309.734  57324.3545903  0.311  0.138  0.017  0.317  0.139
V43.0      2015-10-29  08:42:21.864459136  57324.39834  1719.35200  329.71696  -30.22558  544.666  149.356  45238.934  540.26393  145.74991  1.97600  159.115  355.608  11309.734  57324.4193789  0.330  0.203  0.018  0.333  0.204
V44.0      2015-10-29  10:49:04.737993024  57324.49050  1297.22144  329.71696  -30.22558  525.705  116.349  45238.934  525.46178  107.34418  1.93000  196.343  355.704  11309.734  57324.4905163  0.318  0.155  0.020  0.300  0.158
V45.0      2015-10-29  12:13:23.818030720  57324.55816  1596.03296  329.71696  -30.22558  546.648  149.501  45238.934  540.82612  147.87114  1.98400  119.617  265.395  11309.734  57324.5576880  0.216  0.127  0.016  0.200  0.129
V46.0      2015-10-29  14:27:57.969996608  57324.64967  1778.64000  329.71696  -30.22558  532.015  130.368  45238.934  528.84912  121.43212  1.97000  134.497  305.424  11309.734  57324.6293811  0.228  0.131  0.014  0.200  0.135
V48.0      2015-10-29  17:39:51.702033728  57324.79151  2445.03712  329.71696  -30.22558  271.315  287.291  45238.934  273.10462  285.98200  1.68700  499.155  435.616  11309.734  57324.7876173  2.351  0.387  0.034  2.300  0.393
V49.0      2015-10-29  19:15:56.576734784  57324.86188  2862.42464  329.71696  -30.22558  271.534  287.543  45238.934  273.22783  286.35020  1.64000  496.782  425.400  11309.734  57324.8609501  2.369  0.344  0.031  2.333  0.348
V50.0      2015-10-29  21:12:28.318229024  57324.93116  2248.20096  329.71696  -30.22558  272.492  287.315  45238.934  274.06814  286.01304  1.67300  70.219   206.583  11309.734  57324.9256078  2.355  0.363  0.037  2.400  0.368
V51.0      2015-10-29  22:42:39.773942400  57325.00178  2497.21056  329.71696  -30.22558  206.583  286.023  45238.934  217.03363  283.52897  1.91200  327.586  473.451  11309.734  57325.0084964  1.835  0.365  0.032  1.833  0.367
V52.0      2015-10-30  00:56:37.234120560  57325.07615  1524.88736  329.71696  -30.22558  228.232  318.631  45238.934  230.31262  317.58087  1.79400  518.492  344.304  11309.734  57325.0971645  1.966  0.382  0.046  2.000  0.387
V53.0      2015-10-30  02:16:22.949703232  57325.13604  903.54912   329.71696  -30.22558  228.708  321.357  45238.934  229.86869  321.94926  1.85400  507.342  259.627  11309.734  57325.1457375  1.986  0.404  0.058  1.900  0.420
V54.0      2015-10-28  19:02:26.913984064  57323.94918  6358.04512  329.71696  -30.22558  515.565  120.339  45238.934  515.63746  117.62409  1.54800  207.516  339.386  11309.734  57323.9191474  0.879  0.289  0.013  0.900  0.291
V55.0      2015-10-30  04:07:53.090147512  57325.23005  991.29536   329.71696  -30.22558  229.753  317.527  45238.934  231.39504  315.78313  1.86300  499.240  301.986  11309.734  57325.2298713  2.007  0.342  0.047  2.000  0.347
V56.0      2015-10-30  05:53:55.379430048  57325.29892  139.91968   329.71696  -30.22558  230.626  330.330  45238.934  233.86177  327.57384  1.97100  460.626  260.330  11309.734  57325.2996016  2.079  0.795  0.184  1.767  0.936
V57.0      2015-11-01  03:12:25.638205376  57327.16687  846.63264   329.71696  -30.22558  421.589  382.551  45238.934  423.15320  380.93746  1.90100  199.317  188.408  11309.734  57327.1823235  1.214  0.232  0.042  1.253  0.239
V58.0      2015-11-01  05:02:51.458146912  57327.26133  1131.21504  329.71696  -30.22558  426.657  379.736  45238.934  426.96954  377.32399  1.86800  201.478  199.248  11309.734  57327.2610483  1.332  0.252  0.036  1.333  0.256
V59.0_2nd  2015-10-31  01:22:26.620102016  57326.15425  2127.25344  329.71696  -30.22558  353.369  291.130  45238.934  355.25029  289.35252  1.88300  238.086  128.039  11309.734  57326.1876021  0.776  0.714  0.024  0.283  0.875
V60.0      2015-10-31  06:16:53.345860640  57326.31534  1439.51264  329.71696  -30.22558  354.457  292.474  45238.934  354.52009  290.74831  1.85500  100.146  305.332  11309.734  57326.3151717  1.569  0.206  0.035  1.600  0.211
V61.0      2015-10-31  07:58:36.348117280  57326.38504  1781.01152  329.71696  -30.22558  354.296  294.586  45238.934  354.91057  292.48260  1.80200  115.225  290.334  11309.734  57326.3849798  1.531  0.282  0.031  1.517  0.285
V62.0      2015-10-31  11:43:03.805825792  57326.52037  1781.01152  329.71696  -30.22558  353.736  295.608  45238.934  355.30731  293.99269  1.81000  93.418   336.771  11309.734  57326.5203017  1.531  0.239  0.031  1.517  0.242
V63.0      2015-10-31  15:08:18.959315264  57326.68136  2034.76416  329.71696  -30.22558  387.713  339.899  45238.934  389.71842  338.11494  1.79200  142.721  245.815  11309.734  57326.6641065  1.338  0.272  0.031  1.333  0.274
V64.0      2015-10-31  13:31:14.238860464  57326.58994  502.76224   329.71696  -30.22558  358.451  297.389  45238.934  362.33059  293.14466  1.96800  146.451  211.389  11309.734  57326.5901065  1.438  0.256  0.068  1.400  0.266
V65.0      2015-10-31  16:42:34.824839744  57326.75207  2340.69024  329.71696  -30.22558  387.526  340.665  45238.934  388.93333  338.87333  1.77900  155.670  197.693  11309.734  57326.7469246  1.332  0.270  0.027  1.300  0.273
V66.0      2015-10-31  18:34:38.266557456  57326.82219  2698.78976  329.71696  -30.22558  389.548  340.775  45238.934  390.80977  339.60489  1.73900  142.033  193.879  11309.734  57326.8135062  1.346  0.259  0.024  1.367  0.261
V67.0      2015-10-31  20:09:46.129071248  57326.89321  2544.64096  329.71696  -30.22558  389.226  340.373  45238.934  390.65889  339.06525  1.75800  180.015  166.260  11309.734  57326.8907503  1.429  0.278  0.026  1.417  0.280
V68.0      2015-11-01  06:24:43.165095360  57327.30366  1363.62400  329.71696  -30.22558  425.403  380.212  45238.934  426.39155  378.90616  1.84300  140.117  236.195  11309.734  57327.3274274  1.428  0.279  0.037  1.433  0.282
V69.0      2015-11-01  08:18:02.789983104  57327.39996  1754.92480  329.71696  -30.22558  424.595  383.488  45238.934  426.59751  381.79950  1.79200  121.129  245.473  11309.734  57327.3998737  1.488  0.250  0.030  1.500  0.252
V70.0      2015-11-01  10:27:03.322787680  57327.46762  1299.59296  329.71696  -30.22558  458.483  427.396  45238.934  460.09620  426.58740  1.84700  177.888  244.700  11309.734  57327.4672499  1.234  0.263  0.037  1.233  0.266
V71.0      2015-11-01  10:06:00.910973312  57327.46762  851.37568   329.71696  -30.22558  457.579  426.739  45238.934  458.91573  425.05810  1.91000  173.614  200.945  11309.734  57327.4676343  1.294  0.261  0.045  1.283  0.265
V72.0      2015-11-01  11:45:11.536365984  57327.53529  1759.66784  329.71696  -30.22558  459.356  430.494  45238.934  460.59298  429.01320  1.82100  201.001  244.623  11309.734  57327.5351714  1.326  0.240  0.029  1.333  0.242
V73.0      2015-11-01  13:55:00.258711664  57327.62670  1266.39168  329.71696  -30.22558  455.536  427.338  45238.934  457.42166  426.97414  1.86000  194.584  230.652  11309.734  57327.6050682  1.457  0.260  0.036  1.435  0.264
V74.0      2015-11-01  15:32:16.818190528  57327.69687  2091.68064  329.71696  -30.22558  458.420  430.411  45238.934  459.90364  429.05947  1.75300  181.968  214.479  11309.734  57327.6837369  1.648  0.269  0.033  1.667  0.272
V75.0      2015-11-01  17:07:10.733634944  57327.76745  2487.72448  329.71696  -30.22558  459.352  430.358  45238.934  460.72622  428.69898  1.68200  151.694  213.114  11309.734  57327.7581046  1.760  0.267  0.029  1.767  0.268
V76.0      2015-11-01  18:43:20.576537984  57327.83884  2620.52960  329.71696  -30.22558  459.210  429.394  45238.934  459.87787  427.59018  1.63600  169.818  240.184  11309.734  57327.8376266  1.986  0.380  0.033  1.933  0.386
V77.0      2015-11-01  20:37:58.085105688  57327.90836  2537.52640  329.71696  -30.22558  458.637  429.726  45238.934  459.99873  428.17224  1.61600  152.079  271.503  11309.734  57327.9050046  2.062  0.320  0.030  2.067  0.322
V79.0      2015-11-02  00:13:09.703748352  57328.01442  784.97312   329.71696  -30.22558  281.735  201.473  45238.934  283.69920  199.67964  1.80500  404.805  427.546  11309.734  57328.0143950  3.690  0.444  0.079  3.667  0.453
V80.0      2015-11-02  02:09:01.189266736  57328.14450  479.04704   329.71696  -30.22558  278.606  202.516  45238.934  281.36789  201.23605  1.89500  379.606  458.516  11309.734  57328.1387530  3.223  0.385  0.090  3.291  0.402
#V81.0      2015-11-02  07:04:25.218861408  57328.34684  431.61664   329.71696  -30.22558  248.519  162.655  45238.934  250.33393  160.40223  1.90000  410.504  455.476  11309.734  57328.3477759  3.710  1.691  0.210  3.279  1.786
V82.0      2015-11-02  03:29:51.088425968  57328.18263  792.08768   329.71696  -30.22558  283.470  203.520  45238.934  283.86675  201.86709  1.83500  278.782  430.464  11309.734  57328.2042203  3.189  0.335  0.067  3.200  0.342
V83.0      2015-11-02  05:15:26.935948736  57328.27679  1178.64544  329.71696  -30.22558  285.494  203.701  45238.934  286.22069  201.89778  1.75400  207.537  458.835  11309.734  57328.2764685  3.211  0.493  0.061  3.133  0.505
V84.0      2015-11-02  08:32:48.636395840  57328.39050  1811.84128  329.71696  -30.22558  248.573  159.736  45238.934  249.64014  156.87006  1.61900  281.600  455.221  11309.734  57328.4117655  3.445  0.376  0.045  3.400  0.381
V85.0      2015-11-02  10:25:13.869298560  57328.48251  1728.83808  329.71696  -30.22558  250.340  161.475  45238.934  252.18799  160.00994  1.64200  321.690  439.960  11309.734  57328.4824012  3.527  0.381  0.047  3.500  0.385
V86.0      2015-11-02  12:02:20.866207936  57328.55020  1728.83808  329.71696  -30.22558  249.441  163.321  45238.934  251.01271  160.76098  1.62500  315.193  386.595  11309.734  57328.5500917  3.637  0.393  0.049  3.600  0.398
V87.0      2015-11-02  14:16:44.536889344  57328.64272  1660.06400  329.71696  -30.22558  247.539  161.395  45238.934  249.24031  159.56887  1.67500  326.466  398.031  11309.734  57328.6240969  3.604  0.585  0.051  3.700  0.598
V88.0      2015-11-02  14:16:44.536889344  57328.67901  3645.02624  329.71696  -30.22558  248.620  162.618  45238.934  250.73817  160.60888  1.39600  322.268  402.739  11309.734  57328.6643951  3.703  0.484  0.036  3.700  0.486
#V89.0      2015-11-02  17:25:51.747845760  57328.78710  1954.13248  329.71696  -30.22558  214.346  119.361  11309.734  216.32872  116.70661  1.61000  285.491  377.105  11309.734  57328.7854179  1.969  0.257  0.033  2.000  0.261
V90.0      2015-11-02  19:16:34.281695712  57328.85335  2983.37216  329.71696  -30.22558  214.299  119.607  45238.934  215.52321  117.19630  1.47000  358.127  410.826  11309.734  57328.8523588  3.426  0.368  0.038  3.433  0.370
V91.0      2015-11-02  19:16:34.281695712  57328.88848  4226.04864  329.71696  -30.22558  214.463  119.567  45238.934  216.05280  117.03936  1.33000  308.321  433.841  11309.734  57328.8817961  3.427  0.392  0.031  3.467  0.395
V92.0      2015-11-02  22:23:16.521839872  57328.99313  1776.26848  329.71696  -30.22558  214.753  118.407  45238.934  217.10978  115.53466  1.63300  339.548  392.537  11309.734  57328.9858128  3.341  0.501  0.046  3.367  0.505
V93.0      2015-11-03  00:18:32.369174656  57329.06365  1150.18720  329.71696  -30.22558  211.432  117.236  45238.934  213.23964  114.25428  1.76400  307.600  439.928  11309.734  57329.0580712  3.194  0.465  0.059  3.183  0.470
V94.0      2015-11-03  02:13:43.595359168  57329.13331  1932.78880  329.71696  -30.22558  212.305  115.378  45238.934  213.62865  112.60600  1.63500  373.563  380.403  11309.734  57329.1509012  3.060  0.565  0.046  3.100  0.571
V95.0      2015-11-03  04:00:02.219312800  57329.22183  849.00416   329.71696  -30.22558  214.605  116.112  45238.934  216.53113  114.16419  1.76200  264.084  414.488  11309.734  57329.2217777  3.855  0.382  0.073  3.833  0.390
V96.0      2015-11-03  05:50:27.981975744  57329.29447  1057.69792  329.71696  -30.22558  178.819  73.416   45238.934  180.69072  70.50664   1.76900  375.727  387.226  11309.734  57329.2946156  2.762  1.024  0.090  2.598  1.050
V97.0      2015-11-03  07:14:44.560798016  57329.36214  1705.12288  329.71696  -30.22558  178.372  72.421   45238.934  180.26317  69.15207   1.69200  371.589  363.768  11309.734  57329.3619907  2.569  0.298  0.040  2.600  0.302
V98.0      2015-11-03  09:09:25.064212664  57329.42977  1700.37984  329.71696  -30.22558  178.192  72.315   45238.934  179.95063  69.48211   1.69800  285.369  283.417  11309.734  57329.4296559  2.312  0.399  0.041  2.367  0.407
V99.0      2015-11-03  10:44:40.308207648  57329.49746  1700.37984  329.71696  -30.22558  179.536  73.430   45238.934  181.22500  70.09011   1.69900  73.430   412.649  11309.734  57329.4973415  2.375  0.366  0.039  2.333  0.372
V100.0     2015-11-03  12:54:50.224897936  57329.56493  1323.30816  329.71696  -30.22558  179.173  74.747   45238.934  180.17421  71.76532   1.77000  302.173  393.747  11309.734  57329.5642874  2.268  0.351  0.046  2.300  0.356
#V101.0     2015-11-03  14:30:00.485869312  57329.65840  1778.64000  329.71696  -30.22558  178.592  74.168   53721.234  181.04601  71.18753   1.73500  297.614  438.877  11309.734  57329.6418430  2.247  0.369  0.040  2.196  0.375
V102.0     2015-11-03  16:06:33.948317312  57329.72892  2098.79520  329.71696  -30.22558  176.518  73.524   45238.934  178.58211  70.39593   1.66800  330.954  430.996  11309.734  57329.7167114  2.163  0.290  0.035  2.133  0.294
V103.0     2015-11-03  17:59:51.059511720  57329.77176  30.82976    329.71696  -30.22558  248.309  205.943  45238.934  254.35429  205.35216  2.00000  441.309  384.943  11309.734  57329.7715775  3.067  0.000  0.346  3.067  nan
V104.0     2015-11-03  19:34:35.354402880  57329.86929  2781.79296  329.71696  -30.22558  320.536  254.494  45238.934  322.18080  252.95012  1.51400  105.276  307.596  11309.734  57329.8661261  3.371  0.384  0.038  3.400  0.387
V105.0     2015-11-03  21:08:37.302035456  57329.93888  2184.16992  329.71696  -30.22558  320.596  253.474  45238.934  322.59738  252.13702  1.58100  100.887  319.880  11309.734  57329.9358497  3.410  0.380  0.042  3.433  0.383
